60739 0.7066167290886393
60517 0.7083333333333331
60497 0.7098381070983811
60474 0.7322121604139715
60979 0.7060402684563758
60783 0.7073474470734744
60576 0.7220843672456576
60876 0.7293519695044473
60876 0.7293519695044473
60876 0.7293519695044473
60483 0.7344913151364765
60466 0.7333333333333334
60766 0.7304785894206549
60718 0.7306733167082293
60576 0.7386503067484662
60576 0.7386503067484662
60715 0.7413793103448276
60715 0.7413793103448276
60715 0.7413793103448276
60715 0.7413793103448276
60978 0.7456359102244389
60978 0.7456359102244389
60963 0.7458492975734354
60963 0.7458492975734354
60963 0.7458492975734354
60848 0.7515923566878981
60848 0.7515923566878981
61064 0.7627551020408163
61064 0.7627551020408163
61064 0.7627551020408163
61064 0.7627551020408163
61064 0.7627551020408163
61064 0.7627551020408163
61064 0.7627551020408163
61064 0.7627551020408163
61064 0.7627551020408163
61064 0.7627551020408163
61064 0.7627551020408163
61064 0.7627551020408163
61064 0.7627551020408163
61064 0.7627551020408163
61064 0.7627551020408163
61064 0.7627551020408163
61064 0.7627551020408163
61064 0.7627551020408163
61064 0.7627551020408163
61064 0.7627551020408163
61064 0.7627551020408163
61064 0.7627551020408163
61064 0.7627551020408163
61064 0.7627551020408163
61064 0.7627551020408163
61064 0.7627551020408163
61064 0.7627551020408163
61064 0.7627551020408163
61064 0.7627551020408163
61064 0.7627551020408163
61064 0.7627551020408163
61064 0.7627551020408163
61064 0.7627551020408163
61064 0.7627551020408163
61064 0.7627551020408163
61064 0.7627551020408163
61064 0.7627551020408163
61064 0.7627551020408163
61064 0.7627551020408163
61064 0.7627551020408163
61064 0.7627551020408163
61064 0.7627551020408163
61064 0.7627551020408163
61064 0.7627551020408163
61064 0.7627551020408163
61064 0.7627551020408163
61064 0.7627551020408163
61064 0.7627551020408163
61064 0.7627551020408163
61064 0.7627551020408163
61064 0.7627551020408163
61064 0.7627551020408163
61064 0.7627551020408163
61064 0.7627551020408163
61064 0.7627551020408163
61064 0.7627551020408163
61064 0.7627551020408163
61064 0.7627551020408163
61064 0.7627551020408163
61064 0.7627551020408163
61064 0.7627551020408163
61064 0.7627551020408163
61064 0.7627551020408163
61064 0.7627551020408163
61064 0.7627551020408163
61064 0.7627551020408163
61064 0.7627551020408163
61064 0.7627551020408163
61064 0.7627551020408163
61064 0.7627551020408163
61064 0.7627551020408163
61064 0.7627551020408163
61064 0.7627551020408163
61064 0.7627551020408163
61064 0.7627551020408163
61064 0.7627551020408163
61064 0.7627551020408163
60332 0.4938271604938272
60391 0.710204081632653
60320 0.4939024390243902
60391 0.710204081632653
60575 0.5
60391 0.710204081632653
60486 0.5089820359281437
60620 0.7113821138211381
60354 0.5120481927710844
60391 0.710204081632653
60354 0.5120481927710844
60583 0.72
60410 0.5253731343283582
60790 0.7211155378486057
60736 0.7298387096774194
60410 0.5253731343283582
60915 0.7258064516129032
60300 0.524390243902439
60835 0.7258064516129032
60474 0.5288753799392099
60594 0.7276341948310139
60300 0.524390243902439
60585 0.7366336633663366
60300 0.524390243902439
60575 0.7366336633663366
60300 0.524390243902439
60585 0.7366336633663366
60300 0.524390243902439
60558 0.7426326129666012
60254 0.5329341317365269
60549 0.7391304347826088
60438 0.7563352826510721
60300 0.524390243902439
60438 0.7563352826510721
60300 0.524390243902439
60438 0.7563352826510721
60300 0.524390243902439
60438 0.7563352826510721
60300 0.524390243902439
60438 0.7563352826510721
60471 0.5246913580246914
60438 0.7563352826510721
60471 0.5246913580246914
60438 0.7563352826510721
60424 0.751937984496124
60300 0.524390243902439
60645 0.748062015503876
60300 0.524390243902439
60645 0.748062015503876
60300 0.524390243902439
60645 0.748062015503876
60300 0.524390243902439
60571 0.7461538461538461
60300 0.524390243902439
60377 0.7470355731225296
60377 0.7470355731225296
60300 0.524390243902439
60387 0.7543520309477757
60300 0.524390243902439
60387 0.7543520309477757
60300 0.524390243902439
60387 0.7543520309477757
60300 0.524390243902439
60387 0.7543520309477757
60817 0.6997929606625259
61007 0.48297213622291024
60763 0.7171314741035857
60553 0.49079754601227
60763 0.7171314741035857
60463 0.5061728395061729
60718 0.722554890219561
60463 0.5061728395061729
60888 0.7287128712871286
60735 0.5109034267912773
60610 0.7357723577235773
4374 0.6997389033942558
4220 0.7169312169312169
4220 0.7169312169312169
60779 0.7370517928286852
4371 0.7182175622542595
60734 0.5134328358208955
4220 0.7289234760051881
60779 0.7370517928286852
4296 0.7272727272727273
4335 0.7313237221494102
60960 0.5155279503105591
4335 0.7313237221494102
60820 0.7399999999999999
4335 0.7313237221494102
4300 0.7369791666666666
4286 0.7383419689119172
60820 0.7399999999999999
60471 0.5077399380804954
4345 0.7395833333333334
4310 0.7454545454545456
60829 0.7454909819639279
4267 0.7496790757381258
4264 0.7610389610389611
60624 0.5169230769230769
4267 0.7496790757381258
4331 0.7519582245430809
60960 0.738095238095238
4317 0.7526315789473685
60624 0.5169230769230769
4349 0.762402088772846
4349 0.762402088772846
60880 0.7454909819639279
4349 0.762402088772846
60624 0.5169230769230769
4329 0.7575360419397117
4346 0.7596899224806202
60880 0.7454909819639279
4346 0.7596899224806202
60243 0.5288753799392099
4346 0.7596899224806202
4346 0.7596899224806202
60880 0.7454909819639279
4346 0.7596899224806202
4329 0.7662337662337663
60243 0.5288753799392099
60880 0.7454909819639279
4337 0.764857881136951
4337 0.764857881136951
4351 0.7726098191214471
4351 0.7726098191214471
60765 0.7470355731225296
60333 0.5349544072948328
4337 0.7702182284980745
4342 0.7739463601532567
4333 0.7751937984496124
60913 0.7460317460317462
4333 0.7751937984496124
60374 0.5288753799392099
4332 0.77720207253886
4332 0.77720207253886
60913 0.7460317460317462
4362 0.7767741935483872
60520 0.5443786982248521
4334 0.7777777777777779
60882 0.7475149105367792
4362 0.7767741935483872
4362 0.7767741935483872
60520 0.5443786982248521
4362 0.7767741935483872
60882 0.7475149105367792
4324 0.7809278350515464
4324 0.7809278350515464
4324 0.7809278350515464
60388 0.5393939393939393
60882 0.7475149105367792
4324 0.7809278350515464
4324 0.7809278350515464
4324 0.7809278350515464
60882 0.7475149105367792
60365 0.5443786982248521
4324 0.7809278350515464
4324 0.7809278350515464
60813 0.7475538160469667
4324 0.7809278350515464
60435 0.5578635014836796
4324 0.7809278350515464
4324 0.7809278350515464
60882 0.7475149105367792
4324 0.7809278350515464
4324 0.7809278350515464
60435 0.5578635014836796
4324 0.7809278350515464
60882 0.7475149105367792
4324 0.7809278350515464
4324 0.7809278350515464
60201 0.5492537313432836
4324 0.7809278350515464
60882 0.7475149105367792
4324 0.7809278350515464
4324 0.7809278350515464
60201 0.5492537313432836
60882 0.7475149105367792
4324 0.7809278350515464
4324 0.7809278350515464
4324 0.7809278350515464
60201 0.5492537313432836
60882 0.7475149105367792
4324 0.7809278350515464
4324 0.7809278350515464
60201 0.5492537313432836
4324 0.7809278350515464
4324 0.7809278350515464
60882 0.7475149105367792
4324 0.7809278350515464
4324 0.7809278350515464
60479 0.5535714285714285
60882 0.7475149105367792
4324 0.7809278350515464
4324 0.7809278350515464
60318 0.5538461538461539
4324 0.7809278350515464
60882 0.7475149105367792
4324 0.7809278350515464
4324 0.7809278350515464
4324 0.7809278350515464
60120 0.5578635014836796
4324 0.7809278350515464
60882 0.7475149105367792
4324 0.7809278350515464
4324 0.7809278350515464
60120 0.5578635014836796
4324 0.7809278350515464
60882 0.7475149105367792
4324 0.7809278350515464
4324 0.7809278350515464
60082 0.5558912386706948
4324 0.7809278350515464
60882 0.7475149105367792
4324 0.7809278350515464
4324 0.7809278350515464
60082 0.5558912386706948
4324 0.7809278350515464
60882 0.7475149105367792
4324 0.7809278350515464
60230 0.5568862275449101
4324 0.7809278350515464
4324 0.7809278350515464
60882 0.7475149105367792
4324 0.7809278350515464
60230 0.5568862275449101
4324 0.7809278350515464
60882 0.7475149105367792
4324 0.7809278350515464
4324 0.7809278350515464
60470 0.5588235294117647
4324 0.7809278350515464
4324 0.7809278350515464
60882 0.7475149105367792
4324 0.7809278350515464
4324 0.7809278350515464
60230 0.5568862275449101
4324 0.7809278350515464
60882 0.7475149105367792
4324 0.7809278350515464
60230 0.5568862275449101
60882 0.7475149105367792
60194 0.5595238095238095
60882 0.7475149105367792
60194 0.5595238095238095
60882 0.7475149105367792
60194 0.5595238095238095
60882 0.7475149105367792
60194 0.5595238095238095
60882 0.7475149105367792
60194 0.5595238095238095
60882 0.7475149105367792
60194 0.5595238095238095
60882 0.7475149105367792
60194 0.5595238095238095
60882 0.7475149105367792
60194 0.5595238095238095
60882 0.7475149105367792
60194 0.5595238095238095
60882 0.7475149105367792
60194 0.5595238095238095
60882 0.7475149105367792
60194 0.5595238095238095
60882 0.7475149105367792
60194 0.5595238095238095
60882 0.7475149105367792
60194 0.5595238095238095
60882 0.7475149105367792
60194 0.5595238095238095
60882 0.7475149105367792
60194 0.5595238095238095
60882 0.7475149105367792
60882 0.7475149105367792
60194 0.5595238095238095
60882 0.7475149105367792
60194 0.5595238095238095
4247 0.6867469879518072
60882 0.7475149105367792
4240 0.484076433121019
60194 0.5595238095238095
4230 0.7111984282907663
4235 0.4924012158054711
4230 0.7111984282907663
4207 0.5105105105105106
60882 0.7475149105367792
4326 0.72265625
4214 0.5147928994082839
60194 0.5595238095238095
4245 0.7233201581027668
4223 0.5180722891566265
4228 0.7308447937131631
4223 0.5180722891566265
60882 0.7475149105367792
4325 0.7350096711798838
4243 0.5191740412979351
60194 0.5595238095238095
4325 0.7350096711798838
4245 0.5380116959064328
4291 0.736842105263158
60882 0.7475149105367792
4245 0.5380116959064328
4291 0.736842105263158
4245 0.5380116959064328
4291 0.736842105263158
60194 0.5595238095238095
4219 0.5523255813953488
4275 0.7416173570019724
60882 0.7475149105367792
4219 0.5523255813953488
4298 0.7440944881889763
4213 0.5486725663716815
4298 0.7440944881889763
60882 0.7475149105367792
4231 0.5459940652818991
4298 0.7440944881889763
60194 0.5595238095238095
4348 0.7490039840637449
4256 0.5542168674698796
4348 0.7490039840637449
4183 0.5597667638483965
60882 0.7475149105367792
60194 0.5595238095238095
4348 0.7490039840637449
4202 0.5647058823529412
4348 0.7490039840637449
4202 0.5647058823529412
4259 0.7620889748549323
60882 0.7475149105367792
4184 0.5590778097982708
4259 0.7620889748549323
60194 0.5595238095238095
4184 0.5590778097982708
4259 0.7620889748549323
4207 0.5681159420289855
60882 0.7475149105367792
4259 0.7620889748549323
4238 0.5730994152046783
4259 0.7620889748549323
60194 0.5595238095238095
4238 0.5730994152046783
4259 0.7620889748549323
60882 0.7475149105367792
4249 0.7624521072796936
4238 0.5730994152046783
60194 0.5595238095238095
4238 0.5730994152046783
4259 0.7620889748549323
4259 0.7620889748549323
4219 0.5755813953488372
60882 0.7475149105367792
4259 0.7620889748549323
4249 0.5798816568047337
60194 0.5595238095238095
4259 0.7620889748549323
4262 0.5806451612903226
4259 0.7620889748549323
60882 0.7475149105367792
4262 0.5806451612903226
4259 0.7620889748549323
4262 0.5806451612903226
60194 0.5595238095238095
4259 0.7620889748549323
4262 0.5806451612903226
4259 0.7620889748549323
60882 0.7475149105367792
4227 0.5838150289017341
4259 0.7620889748549323
60194 0.5595238095238095
4257 0.5813953488372093
4259 0.7620889748549323
4259 0.7620889748549323
4241 0.5862068965517241
60882 0.7475149105367792
4251 0.5830903790087464
4259 0.7620889748549323
60194 0.5595238095238095
4251 0.5830903790087464
4259 0.7620889748549323
60882 0.7475149105367792
4259 0.5823529411764705
4259 0.7620889748549323
4259 0.7620889748549323
4240 0.5847953216374269
60194 0.5595238095238095
4259 0.7620889748549323
4240 0.5847953216374269
60882 0.7475149105367792
4256 0.5889212827988338
4259 0.7620889748549323
4256 0.5889212827988338
4259 0.7620889748549323
60194 0.5595238095238095
4259 0.7620889748549323
4256 0.5889212827988338
4259 0.7620889748549323
60882 0.7475149105367792
4267 0.5882352941176471
4259 0.7620889748549323
60194 0.5595238095238095
4264 0.5889212827988338
4259 0.7620889748549323
4267 0.5882352941176471
4259 0.7620889748549323
60882 0.7475149105367792
4267 0.5882352941176471
4259 0.7620889748549323
60194 0.5595238095238095
4260 0.592375366568915
4259 0.7620889748549323
60882 0.7475149105367792
4260 0.592375366568915
4259 0.7620889748549323
4259 0.7620889748549323
60194 0.5595238095238095
4273 0.5964912280701755
4260 0.592375366568915
4259 0.7620889748549323
60882 0.7475149105367792
4259 0.7620889748549323
4260 0.592375366568915
4259 0.7620889748549323
60194 0.5595238095238095
4269 0.5930232558139534
4259 0.7620889748549323
60882 0.7475149105367792
4269 0.5930232558139534
4259 0.7620889748549323
4269 0.5930232558139534
4259 0.7620889748549323
60194 0.5595238095238095
4256 0.5941176470588235
60882 0.7475149105367792
4259 0.7620889748549323
4256 0.5941176470588235
4259 0.7620889748549323
4274 0.5936599423631124
4259 0.7620889748549323
4274 0.5936599423631124
60194 0.5595238095238095
4259 0.7620889748549323
60774 0.7475538160469667
4274 0.5936599423631124
4259 0.7620889748549323
4265 0.5947521865889213
4259 0.7620889748549323
4265 0.5947521865889213
60882 0.7475149105367792
4259 0.7620889748549323
60194 0.5595238095238095
4265 0.5947521865889213
4259 0.7620889748549323
4265 0.5964912280701755
4259 0.7620889748549323
4265 0.5964912280701755
60882 0.7475149105367792
4259 0.7620889748549323
4265 0.5964912280701755
4259 0.7620889748549323
60194 0.5595238095238095
4259 0.7620889748549323
4265 0.5964912280701755
60882 0.7475149105367792
4259 0.7620889748549323
4265 0.5964912280701755
4259 0.7620889748549323
60194 0.5595238095238095
4265 0.5964912280701755
4259 0.7620889748549323
60882 0.7475149105367792
4265 0.5964912280701755
4259 0.7620889748549323
4265 0.5964912280701755
60194 0.5595238095238095
4259 0.7620889748549323
4265 0.5964912280701755
60882 0.7475149105367792
4259 0.7620889748549323
4265 0.5964912280701755
4259 0.7620889748549323
4265 0.5964912280701755
4259 0.7620889748549323
60194 0.5595238095238095
4269 0.5930232558139534
60882 0.7475149105367792
4259 0.7620889748549323
4269 0.5930232558139534
4259 0.7620889748549323
4269 0.5930232558139534
4259 0.7620889748549323
60194 0.5595238095238095
60882 0.7475149105367792
4269 0.5930232558139534
4259 0.7620889748549323
4269 0.5930232558139534
4259 0.7620889748549323
4269 0.5930232558139534
4259 0.7620889748549323
60194 0.5595238095238095
60882 0.7475149105367792
4269 0.5930232558139534
4259 0.7620889748549323
4269 0.5930232558139534
4269 0.5930232558139534
4259 0.7620889748549323
60882 0.7475149105367792
60194 0.5595238095238095
4269 0.5930232558139534
4259 0.7620889748549323
4259 0.7620889748549323
4269 0.5930232558139534
60194 0.5595238095238095
4259 0.7620889748549323
4269 0.5930232558139534
60882 0.7475149105367792
4259 0.7620889748549323
4269 0.5930232558139534
4269 0.5930232558139534
4259 0.7620889748549323
60882 0.7475149105367792
60194 0.5595238095238095
4269 0.5930232558139534
4259 0.7620889748549323
4269 0.5930232558139534
4259 0.7620889748549323
4269 0.5930232558139534
4259 0.7620889748549323
60882 0.7475149105367792
4259 0.7620889748549323
4269 0.5930232558139534
60194 0.5595238095238095
4259 0.7620889748549323
4269 0.5930232558139534
60882 0.7475149105367792
4259 0.7620889748549323
4269 0.5930232558139534
4259 0.7620889748549323
60194 0.5595238095238095
4269 0.5930232558139534
4259 0.7620889748549323
60882 0.7475149105367792
4269 0.5930232558139534
4269 0.5930232558139534
60194 0.5595238095238095
4269 0.5930232558139534
4269 0.5930232558139534
60882 0.7475149105367792
4269 0.5930232558139534
60194 0.5595238095238095
4269 0.5930232558139534
60882 0.7475149105367792
60194 0.5595238095238095
60882 0.7475149105367792
60882 0.7475149105367792
60194 0.5595238095238095
60882 0.7475149105367792
60194 0.5595238095238095
60194 0.5595238095238095
60194 0.5595238095238095
60194 0.5595238095238095
60872 0.7025
60194 0.5595238095238095
60675 0.7187112763320942
60194 0.5595238095238095
60675 0.7187112763320942
60194 0.5595238095238095
60907 0.7158671586715867
60952 0.6969072164948454
60194 0.5595238095238095
60738 0.46874999999999994
60711 0.7008196721311476
60907 0.7158671586715867
60528 0.48902821316614414
60194 0.5595238095238095
61121 0.7108433734939759
60704 0.7185929648241207
60643 0.4968152866242039
60194 0.5595238095238095
60846 0.7116564417177914
60690 0.49529780564263326
60915 0.7319461444308446
61074 0.7145790554414785
60629 0.4953560371517028
61039 0.7196029776674937
61074 0.7145790554414785
60498 0.5149700598802396
61074 0.7145790554414785
60738 0.7198986058301647
60931 0.7183673469387755
60742 0.5153374233128835
61021 0.7335811648079307
60931 0.7183673469387755
60742 0.5153374233128835
61049 0.7302383939774154
60660 0.7215686274509804
60898 0.5209580838323354
60660 0.7215686274509804
60861 0.7321212121212122
60898 0.5209580838323354
60783 0.7250996015936254
60861 0.7321212121212122
60651 0.525679758308157
60895 0.7276422764227642
60766 0.7334963325183373
60651 0.525679758308157
60321 0.7283464566929135
61022 0.7359413202933984
60812 0.5373134328358209
60654 0.7338709677419355
60766 0.7334963325183373
60831 0.7297830374753452
60735 0.5373134328358209
60770 0.7388688327316486
60887 0.7385229540918163
60735 0.5373134328358209
60843 0.7414829659318636
60770 0.7388688327316486
60735 0.5373134328358209
60887 0.7385229540918163
60770 0.7388688327316486
60735 0.5373134328358209
60800 0.7410358565737052
60770 0.7388688327316486
60786 0.5313432835820895
60860 0.7434343434343434
60724 0.7457627118644068
60786 0.5313432835820895
60860 0.7434343434343434
60724 0.7457627118644068
60860 0.7434343434343434
60903 0.5400593471810089
60825 0.7450199203187251
60903 0.5400593471810089
60745 0.749691738594328
60825 0.7450199203187251
60903 0.5400593471810089
60692 0.75
60825 0.7450199203187251
60909 0.7490039840637449
60903 0.5400593471810089
60656 0.7521367521367521
60909 0.7490039840637449
60903 0.5384615384615385
60699 0.7545787545787545
60909 0.7490039840637449
60825 0.5393939393939393
60656 0.7521367521367521
60820 0.7480314960629922
60849 0.5400593471810089
60656 0.7521367521367521
60820 0.7480314960629922
60912 0.5432835820895523
60867 0.7524366471734891
60656 0.7521367521367521
60815 0.7524752475247526
60912 0.5432835820895523
60681 0.754257907542579
60815 0.7524752475247526
60681 0.754257907542579
60835 0.5523255813953488
60783 0.7549407114624506
60835 0.5523255813953488
60681 0.754257907542579
60829 0.7598425196850394
60834 0.5562130177514792
60619 0.7542997542997543
60829 0.7598425196850394
60819 0.5562130177514792
60619 0.7542997542997543
60825 0.7607843137254903
60835 0.5523255813953488
60825 0.7607843137254903
60837 0.5571847507331379
60681 0.754257907542579
60829 0.7598425196850394
60843 0.5578635014836796
60681 0.754257907542579
60829 0.7598425196850394
60807 0.5588235294117647
60836 0.7613412228796844
60681 0.754257907542579
60843 0.5578635014836796
60836 0.7613412228796844
60681 0.754257907542579
60843 0.5578635014836796
60836 0.7613412228796844
60843 0.5578635014836796
60681 0.754257907542579
60836 0.7613412228796844
60907 0.5565217391304348
60681 0.754257907542579
60836 0.7613412228796844
60928 0.5581395348837209
60836 0.7613412228796844
60681 0.754257907542579
60928 0.5581395348837209
60828 0.76953125
60681 0.754257907542579
60928 0.5581395348837209
60828 0.76953125
60910 0.5590778097982708
60681 0.754257907542579
60828 0.76953125
60910 0.5590778097982708
60828 0.76953125
60681 0.754257907542579
60910 0.5590778097982708
60828 0.76953125
60681 0.754257907542579
60910 0.5590778097982708
60828 0.76953125
60681 0.754257907542579
60910 0.5590778097982708
60828 0.76953125
60910 0.5590778097982708
60681 0.754257907542579
60828 0.76953125
60681 0.754257907542579
60910 0.5590778097982708
60828 0.76953125
60681 0.754257907542579
60910 0.5590778097982708
60828 0.76953125
60828 0.76953125
60681 0.754257907542579
60927 0.5597667638483965
60828 0.76953125
60910 0.5590778097982708
60681 0.754257907542579
60828 0.76953125
60910 0.5590778097982708
60681 0.754257907542579
60828 0.76953125
60681 0.754257907542579
60828 0.76953125
60910 0.5590778097982708
60828 0.76953125
60681 0.754257907542579
60910 0.5590778097982708
60828 0.76953125
60681 0.754257907542579
60910 0.5590778097982708
60828 0.76953125
60681 0.754257907542579
60910 0.5590778097982708
60828 0.76953125
60828 0.76953125
60681 0.754257907542579
60910 0.5590778097982708
60828 0.76953125
60910 0.5590778097982708
60681 0.754257907542579
60828 0.76953125
60910 0.5590778097982708
60681 0.754257907542579
60828 0.76953125
60828 0.76953125
60910 0.5590778097982708
60681 0.754257907542579
60828 0.76953125
60910 0.5590778097982708
60681 0.754257907542579
60828 0.76953125
60910 0.5590778097982708
60681 0.754257907542579
60828 0.76953125
60910 0.5590778097982708
60828 0.76953125
60681 0.754257907542579
60910 0.5590778097982708
60828 0.76953125
60910 0.5590778097982708
60681 0.754257907542579
60828 0.76953125
60910 0.5590778097982708
60681 0.754257907542579
60828 0.76953125
60910 0.5590778097982708
60828 0.76953125
60681 0.754257907542579
60910 0.5590778097982708
60828 0.76953125
60681 0.754257907542579
60910 0.5590778097982708
60828 0.76953125
60681 0.754257907542579
60910 0.5590778097982708
60828 0.76953125
60910 0.5590778097982708
60828 0.76953125
60681 0.754257907542579
60910 0.5590778097982708
60828 0.76953125
60681 0.754257907542579
60910 0.5590778097982708
60828 0.76953125
60681 0.754257907542579
60910 0.5590778097982708
60828 0.76953125
60681 0.754257907542579
60828 0.76953125
60910 0.5590778097982708
60681 0.754257907542579
60828 0.76953125
60910 0.5590778097982708
60828 0.76953125
60910 0.5590778097982708
60681 0.754257907542579
60828 0.76953125
60910 0.5590778097982708
60681 0.754257907542579
60828 0.76953125
60910 0.5590778097982708
60681 0.754257907542579
60828 0.76953125
60910 0.5590778097982708
60828 0.76953125
60681 0.754257907542579
60910 0.5590778097982708
60828 0.76953125
60681 0.754257907542579
60828 0.76953125
60910 0.5590778097982708
60681 0.754257907542579
60910 0.5590778097982708
60828 0.76953125
60681 0.754257907542579
60828 0.76953125
60910 0.5590778097982708
60828 0.76953125
60910 0.5590778097982708
60681 0.754257907542579
60828 0.76953125
60910 0.5590778097982708
60681 0.754257907542579
60828 0.76953125
60681 0.754257907542579
60910 0.5590778097982708
60910 0.5590778097982708
60681 0.754257907542579
60910 0.5590778097982708
60681 0.754257907542579
60910 0.5590778097982708
60681 0.754257907542579
60910 0.5590778097982708
60681 0.754257907542579
60910 0.5590778097982708
60681 0.754257907542579
60910 0.5590778097982708
60681 0.754257907542579
60910 0.5590778097982708
60910 0.5590778097982708
60681 0.754257907542579
60910 0.5590778097982708
60681 0.754257907542579
60910 0.5590778097982708
60910 0.5590778097982708
60681 0.754257907542579
60681 0.754257907542579
60681 0.754257907542579
60681 0.754257907542579
60681 0.754257907542579
60681 0.754257907542579
60681 0.754257907542579
60681 0.754257907542579
60681 0.754257907542579
