60645 0.7218628719275548
60862 0.7204161248374511
60862 0.7204161248374511
60782 0.7225130890052355
60480 0.7373868046571799
60480 0.7373868046571799
60352 0.7360208062418727
60537 0.7458064516129032
60403 0.7532808398950132
60453 0.7574578469520103
60453 0.7574578469520103
60453 0.7574578469520103
60518 0.76657824933687
60623 0.7611749680715197
60709 0.7625160462130937
60662 0.7658473479948253
60662 0.7658473479948253
60534 0.7649301143583227
60689 0.7716129032258064
60622 0.7737789203084834
60566 0.7790549169859514
60566 0.7790549169859514
60566 0.7790549169859514
60566 0.7790549169859514
60566 0.7790549169859514
60564 0.7887323943661972
60584 0.7867177522349935
60584 0.7867177522349935
60590 0.7878017789072428
60532 0.7882653061224489
60486 0.7933247753530168
60486 0.7933247753530168
60557 0.7943805874840357
60571 0.794904458598726
60571 0.794904458598726
60571 0.794904458598726
60465 0.7948717948717948
60464 0.7959183673469387
60508 0.7974358974358974
60456 0.797452229299363
60383 0.8005082592121983
60456 0.797452229299363
60425 0.7994891443167305
60529 0.7989756722151088
60520 0.7989756722151088
60528 0.7999999999999999
60528 0.7999999999999999
60439 0.8010269576379975
60439 0.8010269576379975
60439 0.8010269576379975
60488 0.8010269576379975
60488 0.8010269576379975
60488 0.8010269576379975
60496 0.8010269576379975
60482 0.8010269576379975
60496 0.8010269576379975
60521 0.8010269576379975
60496 0.8010269576379975
60492 0.8010269576379975
60521 0.8010269576379975
60510 0.8010269576379975
60508 0.8010269576379975
60512 0.8010269576379975
60512 0.8010269576379975
60497 0.8010269576379975
60530 0.8010269576379975
60508 0.8010269576379975
60497 0.8010269576379975
60499 0.8010269576379975
60475 0.8010269576379975
60494 0.8010269576379975
60504 0.8010269576379975
60488 0.8010269576379975
60519 0.8010269576379975
60502 0.8010269576379975
60497 0.8010269576379975
60486 0.8010269576379975
60487 0.8010269576379975
60479 0.8010269576379975
60495 0.8010269576379975
60487 0.8010269576379975
60492 0.8010269576379975
60492 0.8010269576379975
60505 0.8010269576379975
60523 0.8010269576379975
60498 0.8010269576379975
60557 0.8010269576379975
60477 0.8010269576379975
60500 0.8010269576379975
60499 0.8010269576379975
60507 0.8010269576379975
60526 0.8010269576379975
60516 0.8010269576379975
60493 0.8010269576379975
60506 0.8010269576379975
60503 0.8010269576379975
60480 0.8010269576379975
60480 0.8010269576379975
60469 0.8010269576379975
60474 0.8010269576379975
60491 0.8010269576379975
60710 0.7300771208226221
60760 0.7391874180865007
60760 0.7391874180865007
60689 0.7416020671834624
60485 0.7426376440460947
60756 0.7506493506493507
60920 0.7493606138107417
60808 0.748091603053435
60710 0.7537688442211055
60710 0.7537688442211055
60981 0.7599486521181001
60774 0.7582697201017812
60774 0.7582697201017812
60703 0.7585335018963338
60683 0.7588832487309646
60683 0.7588832487309646
60764 0.7602040816326532
60764 0.7602040816326532
60726 0.7617834394904459
60810 0.7649301143583227
60648 0.7649301143583227
60735 0.7676767676767676
60680 0.770012706480305
60701 0.773130544993663
60701 0.773130544993663
60701 0.773130544993663
60574 0.7762326169405815
60574 0.7762326169405815
60651 0.7766497461928935
60651 0.7766497461928935
60608 0.7772151898734178
60608 0.7772151898734178
60608 0.7772151898734178
60594 0.7776365946632783
60562 0.7787610619469026
60562 0.7787610619469026
60537 0.7791878172588833
60532 0.7807351077313054
60643 0.7817258883248731
60572 0.7832699619771863
60643 0.7817258883248731
60640 0.7817258883248731
60627 0.7827191867852605
60594 0.7832699619771863
60650 0.7832699619771863
60621 0.7842639593908628
60621 0.7842639593908628
60621 0.7842639593908628
60613 0.7852604828462516
60613 0.7852604828462516
60595 0.7852604828462516
60624 0.7852604828462516
60631 0.7852604828462516
60566 0.7852604828462516
60636 0.7852604828462516
60635 0.7852604828462516
60565 0.7852604828462516
60592 0.7852604828462516
60579 0.7852604828462516
60621 0.7852604828462516
60627 0.7852604828462516
60618 0.7852604828462516
60580 0.7852604828462516
60596 0.7852604828462516
60612 0.7852604828462516
60596 0.7852604828462516
60611 0.7852604828462516
60614 0.7852604828462516
60588 0.7852604828462516
60596 0.7852604828462516
60603 0.7852604828462516
60594 0.7852604828462516
60565 0.7852604828462516
60587 0.7852604828462516
60572 0.7852604828462516
60608 0.7852604828462516
60603 0.7852604828462516
60561 0.7852604828462516
60572 0.7852604828462516
60614 0.7852604828462516
60583 0.7852604828462516
60556 0.7852604828462516
60591 0.7852604828462516
60572 0.7852604828462516
60619 0.7852604828462516
60570 0.7852604828462516
60593 0.7852604828462516
60591 0.7852604828462516
60567 0.7852604828462516
60577 0.7852604828462516
60579 0.7852604828462516
60584 0.7852604828462516
60604 0.7852604828462516
60572 0.7852604828462516
60589 0.7852604828462516
60606 0.7852604828462516
60594 0.7852604828462516
60577 0.7852604828462516
60590 0.7852604828462516
60579 0.7852604828462516
60926 0.7135278514588859
60481 0.7249022164276402
60870 0.7356020942408377
60870 0.7356020942408377
60519 0.7357512953367876
60524 0.7405475880052151
60743 0.7409326424870466
60760 0.7463863337713535
60892 0.7474226804123713
60525 0.7519181585677749
60525 0.7519181585677749
60865 0.7557840616966582
60667 0.7612903225806451
60709 0.7636363636363637
60709 0.7636363636363637
60714 0.7621483375959079
60719 0.7654639175257731
60688 0.767650834403081
60691 0.7690322580645161
60691 0.7690322580645161
60691 0.7690322580645161
60643 0.7712082262210797
60797 0.7719745222929937
60686 0.772378516624041
60686 0.772378516624041
60617 0.7735368956743003
60699 0.7731958762886597
60763 0.7790549169859514
60653 0.7747747747747747
60653 0.7747747747747747
60772 0.7790549169859514
60740 0.7774936061381073
60772 0.7763496143958868
60743 0.7784891165172855
60764 0.7780612244897959
60703 0.7784891165172855
60703 0.7784891165172855
60757 0.7826086956521738
60757 0.7826086956521738
60757 0.7826086956521738
60771 0.7867177522349935
60771 0.7867177522349935
60771 0.7867177522349935
60786 0.7867177522349935
60741 0.7877237851662404
60741 0.7877237851662404
60741 0.7877237851662404
60729 0.7877237851662404
60721 0.7877237851662404
60741 0.7877237851662404
60741 0.7877237851662404
60741 0.7877237851662404
60748 0.7877237851662404
60740 0.7877237851662404
60737 0.7877237851662404
60735 0.7877237851662404
60737 0.7877237851662404
60740 0.7877237851662404
60742 0.7877237851662404
60735 0.7877237851662404
60750 0.7877237851662404
60743 0.7877237851662404
60746 0.7877237851662404
60730 0.7877237851662404
60745 0.7877237851662404
60729 0.7877237851662404
60732 0.7877237851662404
60757 0.7877237851662404
60747 0.7877237851662404
60748 0.7877237851662404
60729 0.7877237851662404
60744 0.7877237851662404
60754 0.7877237851662404
60741 0.7877237851662404
60740 0.7877237851662404
60740 0.7877237851662404
60753 0.7877237851662404
60754 0.7877237851662404
60739 0.7877237851662404
60735 0.7877237851662404
60743 0.7877237851662404
60752 0.7877237851662404
60749 0.7877237851662404
60744 0.7877237851662404
60747 0.7877237851662404
60749 0.7877237851662404
60753 0.7877237851662404
60743 0.7877237851662404
60749 0.7877237851662404
60745 0.7877237851662404
60749 0.7877237851662404
60755 0.7877237851662404
60747 0.7877237851662404
60747 0.7877237851662404
60745 0.7877237851662404
60751 0.7877237851662404
60751 0.7877237851662404
60747 0.7877237851662404
60743 0.7877237851662404
60750 0.7877237851662404
60980 0.7137254901960786
60579 0.7318982387475538
60579 0.7318982387475538
60682 0.5060975609756098
60607 0.7347740667976425
60682 0.5060975609756098
60621 0.7391304347826088
60952 0.5137614678899082
60454 0.7465069860279441
60697 0.547550432276657
60468 0.7495145631067961
60876 0.5345345345345345
60417 0.7524752475247526
60876 0.5345345345345345
60496 0.7549407114624506
60876 0.5345345345345345
60435 0.761904761904762
60876 0.5345345345345345
60797 0.7633587786259541
60949 0.5519287833827894
60797 0.7633587786259541
60949 0.5519287833827894
60325 0.7740667976424361
60949 0.5519287833827894
60230 0.7731755424063116
60967 0.5529411764705883
60565 0.7751937984496123
61078 0.5562130177514792
60336 0.776470588235294
61078 0.5562130177514792
60245 0.7790697674418604
60971 0.56047197640118
60245 0.7790697674418604
60793 0.562130177514793
60203 0.7859922178988328
60874 0.5663716814159292
60203 0.7859922178988328
60890 0.5756676557863502
60599 0.7906976744186047
60890 0.5756676557863502
60599 0.7906976744186047
60890 0.5756676557863502
60599 0.7906976744186047
60961 0.5813953488372093
60402 0.7922330097087379
60961 0.5813953488372093
60544 0.7907869481765836
60961 0.5813953488372093
60414 0.7976653696498054
60961 0.5813953488372093
60488 0.7976653696498054
60886 0.5830903790087464
60414 0.7976653696498054
60886 0.5830903790087464
60463 0.8023255813953489
60822 0.5830903790087464
60384 0.8038834951456311
60822 0.5830903790087464
60466 0.8038834951456311
60930 0.5830903790087464
60383 0.8046421663442941
60876 0.5865102639296187
60462 0.8062015503875969
60933 0.5847953216374269
60382 0.8069498069498069
60891 0.5847953216374269
60380 0.8085106382978723
60875 0.5847953216374269
60279 0.8085106382978723
60886 0.5847953216374269
60481 0.810077519379845
60891 0.5847953216374269
60481 0.810077519379845
60884 0.5847953216374269
60481 0.810077519379845
60908 0.5847953216374269
60481 0.810077519379845
60943 0.5847953216374269
60378 0.810077519379845
60902 0.5847953216374269
60411 0.810077519379845
60947 0.5847953216374269
60481 0.810077519379845
60945 0.5847953216374269
60443 0.810077519379845
60947 0.5847953216374269
60481 0.810077519379845
60967 0.5847953216374269
60404 0.810077519379845
60919 0.5847953216374269
60493 0.810077519379845
60912 0.5847953216374269
60504 0.810077519379845
60928 0.5847953216374269
60466 0.810077519379845
60926 0.5847953216374269
60474 0.810077519379845
60905 0.5847953216374269
60460 0.810077519379845
60916 0.5847953216374269
60510 0.810077519379845
60903 0.5847953216374269
60484 0.810077519379845
60968 0.5847953216374269
60517 0.810077519379845
60932 0.5847953216374269
60516 0.810077519379845
60969 0.5847953216374269
60452 0.810077519379845
60918 0.5847953216374269
60446 0.810077519379845
60972 0.5847953216374269
60465 0.810077519379845
60543 0.810077519379845
60915 0.5847953216374269
60518 0.810077519379845
60915 0.5847953216374269
60921 0.5847953216374269
60491 0.810077519379845
60937 0.5847953216374269
60457 0.810077519379845
60937 0.5847953216374269
60480 0.810077519379845
60524 0.810077519379845
60925 0.5847953216374269
60469 0.810077519379845
60929 0.5847953216374269
60455 0.810077519379845
60963 0.5847953216374269
60472 0.810077519379845
60946 0.5847953216374269
60502 0.810077519379845
60953 0.5847953216374269
60502 0.810077519379845
60944 0.5847953216374269
60469 0.810077519379845
60923 0.5847953216374269
60477 0.810077519379845
60934 0.5847953216374269
60472 0.810077519379845
60960 0.5847953216374269
60447 0.810077519379845
60941 0.5847953216374269
60443 0.810077519379845
60930 0.5847953216374269
60477 0.810077519379845
60978 0.5847953216374269
60479 0.810077519379845
60991 0.5847953216374269
60443 0.810077519379845
60955 0.5847953216374269
60485 0.810077519379845
60954 0.5847953216374269
60513 0.810077519379845
60935 0.5847953216374269
60479 0.810077519379845
60923 0.5847953216374269
60445 0.810077519379845
60940 0.5847953216374269
60454 0.810077519379845
60959 0.5847953216374269
60467 0.810077519379845
60936 0.5847953216374269
60469 0.810077519379845
60947 0.5847953216374269
60508 0.810077519379845
60943 0.5847953216374269
60464 0.810077519379845
60958 0.5847953216374269
60469 0.810077519379845
60951 0.5847953216374269
60484 0.810077519379845
60920 0.5847953216374269
60484 0.810077519379845
60940 0.5847953216374269
60471 0.810077519379845
60914 0.5847953216374269
60495 0.810077519379845
60931 0.5847953216374269
60447 0.810077519379845
60928 0.5847953216374269
60490 0.810077519379845
60951 0.5847953216374269
60487 0.810077519379845
60935 0.5847953216374269
60464 0.810077519379845
60954 0.5847953216374269
60430 0.810077519379845
60951 0.5847953216374269
60481 0.810077519379845
60937 0.5847953216374269
60478 0.810077519379845
60951 0.5847953216374269
60454 0.810077519379845
60938 0.5847953216374269
60446 0.810077519379845
60942 0.5847953216374269
60937 0.5847953216374269
60939 0.5847953216374269
60936 0.5847953216374269
4232 0.6833333333333333
4213 0.7050938337801608
4213 0.7050938337801608
4206 0.7076101468624834
4243 0.7119999999999999
4194 0.7307171853856563
4194 0.7307171853856563
4223 0.7349726775956283
4226 0.732620320855615
4241 0.7386666666666666
4212 0.7393617021276596
4211 0.7411300919842313
4211 0.7411300919842313
4206 0.7453580901856763
4228 0.7559055118110237
4228 0.7559055118110237
4212 0.7546174142480211
4212 0.7546174142480211
4228 0.7568988173455978
4213 0.7637795275590552
4176 0.7670157068062827
4176 0.7670157068062827
4176 0.7670157068062827
4176 0.7670157068062827
4192 0.7684210526315789
4209 0.7708609271523179
4204 0.7728459530026109
4204 0.7728459530026109
4202 0.7763157894736843
4193 0.7139959432048681
4202 0.7763157894736843
4193 0.7139959432048681
4252 0.7183673469387755
4202 0.7763157894736843
4209 0.7235772357723578
4187 0.7786458333333333
4204 0.7327935222672065
4187 0.7786458333333333
4259 0.7336065573770492
4246 0.7790849673202616
4280 0.7425149700598802
4215 0.7828348504551366
4198 0.7381443298969071
4206 0.7838541666666666
4277 0.7439024390243903
4254 0.7510204081632654
4202 0.7843137254901961
4208 0.7530864197530864
4202 0.78748370273794
4202 0.78748370273794
4176 0.7515151515151514
4202 0.78748370273794
4215 0.7530364372469636
4192 0.7580645161290321
4229 0.788036410923277
4192 0.7580645161290321
4199 0.7896103896103895
4227 0.7896103896103895
4176 0.7591836734693876
4227 0.7896103896103895
4192 0.7611336032388664
4229 0.7916666666666665
4177 0.7620967741935485
4197 0.7916666666666665
4177 0.7620967741935485
4170 0.7673469387755102
4197 0.7916666666666665
4176 0.766734279918864
4215 0.7932379713914173
4175 0.7686116700201207
4212 0.7932379713914173
4229 0.7932379713914173
4175 0.7686116700201207
4229 0.7932379713914173
4188 0.77079107505071
4229 0.7932379713914173
4171 0.7717171717171717
4170 0.7751004016064258
4229 0.7932379713914173
4211 0.7942708333333333
4170 0.7751004016064258
4236 0.7942708333333333
4177 0.7726358148893361
4225 0.7942708333333333
4186 0.7732793522267207
4222 0.7942708333333333
4175 0.7732793522267207
4228 0.7942708333333333
4170 0.7732793522267207
4170 0.7732793522267207
4226 0.7942708333333333
4175 0.7748478701825559
4222 0.7942708333333333
4175 0.7748478701825559
4211 0.7942708333333333
4177 0.7748478701825559
4228 0.7942708333333333
4175 0.7748478701825559
4238 0.7942708333333333
4175 0.7764227642276423
4225 0.7942708333333333
4175 0.7764227642276423
4242 0.7942708333333333
4171 0.7764227642276423
4242 0.7942708333333333
4175 0.7764227642276423
4237 0.7942708333333333
4171 0.7764227642276423
4220 0.7942708333333333
4174 0.7764227642276423
4174 0.7764227642276423
4227 0.7942708333333333
4181 0.7764227642276423
4225 0.7942708333333333
4182 0.7764227642276423
4235 0.7942708333333333
4187 0.7764227642276423
4236 0.7942708333333333
4168 0.7764227642276423
4224 0.7942708333333333
4286 0.4664536741214057
4172 0.7764227642276423
4286 0.4664536741214057
4232 0.7942708333333333
4179 0.7764227642276423
4228 0.7942708333333333
4202 0.48125
4177 0.7764227642276423
4202 0.48125
4232 0.7942708333333333
4175 0.7764227642276423
4226 0.7942708333333333
4202 0.48125
4168 0.7764227642276423
4227 0.7942708333333333
4254 0.48765432098765427
4169 0.7764227642276423
4224 0.7942708333333333
4254 0.4953560371517028
4173 0.7764227642276423
4227 0.7942708333333333
4276 0.5157232704402516
4178 0.7764227642276423
4179 0.7764227642276423
4233 0.7942708333333333
4286 0.5061728395061729
4166 0.7764227642276423
4286 0.5061728395061729
4237 0.7942708333333333
4180 0.7764227642276423
4226 0.7942708333333333
4227 0.5094339622641509
4168 0.7764227642276423
4236 0.7942708333333333
4255 0.5171339563862929
4178 0.7764227642276423
4230 0.7942708333333333
4224 0.5077399380804954
4237 0.7942708333333333
4174 0.7764227642276423
4238 0.5155279503105591
4230 0.7942708333333333
4173 0.7764227642276423
4238 0.5155279503105591
4224 0.7942708333333333
4169 0.7764227642276423
4238 0.5155279503105591
4169 0.7764227642276423
4228 0.7942708333333333
4269 0.5217391304347826
4180 0.7764227642276423
4226 0.7942708333333333
4243 0.5308641975308642
4173 0.7764227642276423
4238 0.7942708333333333
4243 0.5308641975308642
4184 0.7764227642276423
4227 0.5329153605015673
4240 0.7942708333333333
4177 0.7764227642276423
4233 0.7942708333333333
4227 0.5329153605015673
4180 0.7764227642276423
4229 0.7942708333333333
4227 0.5329153605015673
4176 0.7764227642276423
4231 0.7942708333333333
4217 0.5358255451713395
4174 0.7764227642276423
4236 0.5325077399380805
4231 0.7942708333333333
4184 0.7764227642276423
4233 0.7942708333333333
4240 0.5325077399380805
4180 0.7764227642276423
4263 0.5341614906832298
4228 0.7942708333333333
4177 0.7764227642276423
4231 0.7942708333333333
4231 0.5341614906832298
4180 0.7764227642276423
4235 0.7942708333333333
4242 0.5375
4177 0.7764227642276423
4245 0.5375
4178 0.7764227642276423
4242 0.5375
4172 0.7764227642276423
4242 0.5375
4183 0.7764227642276423
4242 0.5391849529780564
4180 0.7764227642276423
4240 0.5391849529780564
4177 0.7764227642276423
4242 0.5391849529780564
4173 0.7764227642276423
4177 0.7764227642276423
4256 0.5391849529780564
4182 0.7764227642276423
4253 0.5391849529780564
4184 0.7764227642276423
4241 0.5391849529780564
4178 0.7764227642276423
4251 0.5391849529780564
4180 0.7764227642276423
4241 0.5391849529780564
4180 0.7764227642276423
4231 0.5391849529780564
4179 0.7764227642276423
4245 0.5391849529780564
4180 0.7764227642276423
4253 0.5391849529780564
4182 0.7764227642276423
4257 0.5391849529780564
4175 0.7764227642276423
4232 0.5391849529780564
4171 0.7764227642276423
4257 0.5391849529780564
4181 0.7764227642276423
4235 0.5391849529780564
4182 0.7764227642276423
4219 0.5391849529780564
4176 0.7764227642276423
4230 0.5391849529780564
4174 0.7764227642276423
4225 0.5408805031446541
4175 0.7764227642276423
4232 0.5408805031446541
4176 0.7764227642276423
4232 0.5408805031446541
4182 0.7764227642276423
4232 0.5408805031446541
4232 0.5408805031446541
4232 0.5408805031446541
4239 0.5408805031446541
4232 0.5408805031446541
4238 0.5408805031446541
4227 0.5408805031446541
4237 0.5408805031446541
4238 0.5408805031446541
4232 0.5408805031446541
4234 0.5408805031446541
4226 0.5408805031446541
4237 0.5408805031446541
4223 0.5408805031446541
4233 0.5408805031446541
4227 0.5408805031446541
4223 0.5408805031446541
4231 0.5408805031446541
4231 0.5408805031446541
4228 0.5408805031446541
4236 0.5408805031446541
4232 0.5408805031446541
4236 0.5408805031446541
4239 0.5408805031446541
4229 0.5408805031446541
4236 0.5408805031446541
4231 0.5408805031446541
4225 0.5408805031446541
4232 0.5408805031446541
4242 0.5408805031446541
4222 0.5408805031446541
4224 0.5408805031446541
4227 0.5408805031446541
4240 0.5408805031446541
4225 0.5408805031446541
4227 0.5408805031446541
4228 0.5408805031446541
4237 0.5408805031446541
4222 0.5408805031446541
4225 0.5408805031446541
4240 0.5408805031446541
4237 0.5408805031446541
4227 0.5408805031446541
4227 0.5408805031446541
4219 0.5408805031446541
4229 0.5408805031446541
4232 0.5408805031446541
4229 0.5408805031446541
4226 0.5408805031446541
60710 0.7049808429118775
60569 0.7081218274111675
60550 0.7051792828685259
60494 0.7186700767263426
60773 0.7047244094488189
60494 0.7186700767263426
60450 0.7185628742514971
60667 0.5013927576601671
60595 0.7279693486590039
60439 0.7276264591439688
60604 0.5136612021857924
60686 0.721728081321474
60709 0.7261904761904762
60604 0.5136612021857924
60648 0.7230769230769232
60372 0.7421875
60665 0.5187319884726225
60655 0.7305236270753512
60460 0.7470817120622569
60504 0.5433526011560693
60700 0.7302798982188294
60460 0.7470817120622569
60504 0.5433526011560693
60700 0.7302798982188294
60460 0.7470817120622569
60343 0.5356125356125356
60460 0.7470817120622569
60611 0.7343358395989976
60343 0.5356125356125356
60460 0.7470817120622569
60744 0.7371134020618557
60460 0.7470817120622569
60388 0.5490196078431373
60533 0.7367088607594937
60460 0.7470817120622569
60735 0.554016620498615
60524 0.7384230287859826
60463 0.7475538160469667
60774 0.5568181818181818
60524 0.7384230287859826
60463 0.7475538160469667
60526 0.7402760351317442
60774 0.5568181818181818
60575 0.7602339181286548
60575 0.7602339181286548
60798 0.559322033898305
60353 0.7461538461538463
60575 0.7602339181286548
60598 0.5617977528089888
60483 0.7509386733416771
60575 0.7602339181286548
60660 0.5777777777777777
60483 0.7509386733416771
60561 0.7620889748549323
60660 0.5777777777777777
60575 0.7602339181286548
60483 0.7509386733416771
60887 0.5777777777777777
60540 0.76171875
60483 0.7509386733416771
60887 0.5777777777777777
60610 0.765625
60344 0.7540983606557377
60610 0.765625
60624 0.5833333333333334
60214 0.7538071065989848
60570 0.7710371819960862
60633 0.5972602739726026
60397 0.7553865652724969
60504 0.7725490196078433
60678 0.5872576177285319
60428 0.7582697201017812
60504 0.7725490196078433
60972 0.5846994535519126
60378 0.764186633039092
60504 0.7725490196078433
60546 0.5932203389830508
60504 0.7725490196078433
60319 0.7625
60893 0.601123595505618
60504 0.7725490196078433
60296 0.7671232876712328
60629 0.7743190661478601
60537 0.592797783933518
60216 0.7670886075949366
60629 0.7743190661478601
60685 0.5955056179775281
60238 0.7734668335419274
60481 0.7749510763209393
60762 0.5961002785515321
60257 0.7746835443037974
60481 0.7749510763209393
60518 0.6
60622 0.7751937984496123
60257 0.7746835443037974
60663 0.5977653631284917
60479 0.7773437500000001
60268 0.7812895069532237
60479 0.7773437500000001
60625 0.6028169014084507
60268 0.7812895069532237
60479 0.7773437500000001
60738 0.6050420168067226
60268 0.7812895069532237
60479 0.7773437500000001
60651 0.6067415730337078
60268 0.7812895069532237
60464 0.7782101167315174
60650 0.6101694915254238
60251 0.7807351077313054
60464 0.7782101167315174
60688 0.6128133704735376
60290 0.7817258883248731
60472 0.7803921568627451
60563 0.6140845070422535
60523 0.7803921568627451
60290 0.7817258883248731
60563 0.6140845070422535
60304 0.7842639593908628
60463 0.7803921568627451
60591 0.6153846153846154
60478 0.7803921568627451
60183 0.7832699619771863
60574 0.6235955056179775
60480 0.7803921568627451
60347 0.7827191867852605
60622 0.619718309859155
60480 0.7803921568627451
60284 0.7838179519595448
60629 0.619718309859155
60507 0.7803921568627451
60241 0.7858048162230671
60629 0.619718309859155
60480 0.7803921568627451
60241 0.7858048162230671
60505 0.7803921568627451
60543 0.6235955056179775
60210 0.7847133757961783
60520 0.7803921568627451
60309 0.7862595419847328
60543 0.6235955056179775
60486 0.7803921568627451
60273 0.7868020304568527
60543 0.6235955056179775
60486 0.7803921568627451
60273 0.7868020304568527
60524 0.7803921568627451
60515 0.6253521126760564
60273 0.7868020304568527
60489 0.7803921568627451
60575 0.6253521126760564
60494 0.7803921568627451
60949 0.6956521739130435
60223 0.7028112449799196
60669 0.495575221238938
60846 0.7046894803548795
60223 0.7028112449799196
60611 0.5073746312684366
60828 0.7090216010165185
60715 0.72
60611 0.5073746312684366
60715 0.72
60865 0.7108886107634543
60565 0.721774193548387
60745 0.7231352718078382
60803 0.5207756232686981
60690 0.722554890219561
61005 0.7349551856594111
60803 0.5207756232686981
60565 0.721774193548387
60695 0.7304347826086957
60877 0.5236768802228412
60622 0.7265469061876246
60695 0.7304347826086957
60877 0.5236768802228412
60824 0.7334669338677355
60964 0.7389659520807063
60882 0.5376344086021505
60824 0.7334669338677355
60751 0.739240506329114
60882 0.5376344086021505
60759 0.7378640776699029
60751 0.739240506329114
60903 0.738095238095238
60717 0.5534246575342465
60655 0.749034749034749
60793 0.73989898989899
60717 0.5534246575342465
60717 0.5534246575342465
60655 0.749034749034749
60793 0.73989898989899
60727 0.7529411764705882
60777 0.5577464788732394
60768 0.7426376440460947
60747 0.7524366471734891
60777 0.5577464788732394
60768 0.7426376440460947
60953 0.7553816046966731
61063 0.744360902255639
60580 0.5674157303370787
60953 0.7553816046966731
61121 0.747141041931385
60969 0.5698324022346368
60965 0.7602339181286548
60967 0.7480719794344474
60854 0.5698630136986301
60918 0.7598425196850394
60871 0.5754189944134078
60870 0.7490445859872611
60918 0.7598425196850394
60870 0.7490445859872611
60802 0.5777777777777777
60733 0.7611650485436894
60830 0.750316856780735
60867 0.5817174515235457
60757 0.7641325536062379
60830 0.750316856780735
60821 0.5842696629213484
60718 0.7683397683397682
60830 0.750316856780735
60720 0.5898876404494381
60718 0.7683397683397682
60720 0.5898876404494381
60984 0.7516087516087516
60809 0.7716535433070866
60900 0.7545219638242893
60809 0.7716535433070866
60720 0.5898876404494381
60809 0.7716535433070866
60720 0.5898876404494381
60900 0.7545219638242893
60809 0.7716535433070866
60849 0.7535121328224776
60787 0.5938375350140056
60784 0.7728155339805826
60720 0.5898876404494381
60907 0.7548138639281129
60764 0.7766990291262135
60842 0.5938375350140056
60933 0.7569620253164557
60764 0.7766990291262135
60811 0.5921787709497207
60895 0.7586206896551723
60840 0.7819253438113948
60711 0.5961002785515321
60832 0.7588832487309646
60769 0.7844660194174755
60711 0.5961002785515321
60962 0.7614213197969543
60769 0.7844660194174755
60599 0.6
60932 0.7659033078880406
60758 0.7945736434108527
60599 0.6
60758 0.7945736434108527
60932 0.7659033078880406
60715 0.6016713091922005
60758 0.7945736434108527
60932 0.7659033078880406
60725 0.6033519553072626
60758 0.7945736434108527
60932 0.7659033078880406
60758 0.7945736434108527
60725 0.6033519553072626
60900 0.7680608365019012
60783 0.7961165048543689
60643 0.607242339832869
60900 0.7680608365019012
60769 0.7984344422700587
60742 0.607242339832869
60917 0.7745222929936305
60769 0.7984344422700587
60688 0.607242339832869
60917 0.7745222929936305
60769 0.7984344422700587
60688 0.607242339832869
60917 0.7745222929936305
60775 0.8007812499999999
60674 0.607242339832869
60775 0.8007812499999999
60917 0.7745222929936305
60750 0.6106442577030813
60775 0.8007812499999999
60951 0.7750952986022871
60750 0.6106442577030813
60758 0.8007812499999999
60907 0.7765006385696039
60669 0.6089385474860334
60775 0.8007812499999999
60929 0.7784891165172855
60701 0.6123595505617977
60820 0.8015564202334631
60929 0.7784891165172855
60772 0.8015564202334631
60701 0.6123595505617977
60820 0.8015564202334631
60899 0.7790549169859514
60646 0.6106442577030813
60837 0.8031189083820663
60899 0.7790549169859514
60658 0.6106442577030813
60797 0.8031189083820663
60889 0.7790549169859514
60702 0.6106442577030813
60788 0.8031189083820663
60702 0.6106442577030813
60899 0.7790549169859514
60797 0.8031189083820663
60948 0.7800511508951408
60677 0.6123595505617977
60777 0.8031189083820663
60948 0.7800511508951408
60731 0.6123595505617977
60812 0.8031189083820663
60948 0.7800511508951408
60797 0.8031189083820663
60682 0.6123595505617977
60797 0.8031189083820663
60948 0.7800511508951408
60687 0.6123595505617977
60812 0.8031189083820663
60948 0.7800511508951408
60677 0.6123595505617977
60805 0.8031189083820663
60677 0.6123595505617977
60948 0.7800511508951408
60797 0.8031189083820663
60731 0.6123595505617977
60948 0.7800511508951408
60802 0.8031189083820663
60676 0.6123595505617977
60911 0.7800511508951408
60788 0.8031189083820663
60702 0.6123595505617977
60925 0.7800511508951408
60816 0.8031189083820663
60698 0.6123595505617977
60904 0.7800511508951408
60816 0.8031189083820663
60700 0.6123595505617977
60791 0.8031189083820663
60935 0.7800511508951408
60817 0.8031189083820663
60690 0.6123595505617977
60942 0.7800511508951408
60838 0.8031189083820663
60698 0.6123595505617977
60915 0.7800511508951408
60826 0.8031189083820663
60716 0.6123595505617977
60944 0.7800511508951408
60811 0.8031189083820663
60684 0.6123595505617977
60806 0.8031189083820663
60932 0.7800511508951408
60695 0.6123595505617977
60915 0.7800511508951408
60813 0.8031189083820663
60672 0.6123595505617977
60811 0.8031189083820663
60922 0.7800511508951408
60675 0.6123595505617977
60815 0.8031189083820663
60930 0.7800511508951408
60722 0.6123595505617977
60830 0.8031189083820663
60930 0.7800511508951408
60618 0.6123595505617977
60816 0.8031189083820663
60941 0.7800511508951408
60687 0.6123595505617977
60827 0.8031189083820663
60934 0.7800511508951408
60669 0.6123595505617977
60814 0.8031189083820663
60940 0.7800511508951408
60659 0.6123595505617977
60839 0.8031189083820663
60917 0.7800511508951408
60662 0.6123595505617977
60830 0.8031189083820663
60941 0.7800511508951408
60661 0.6123595505617977
60815 0.8031189083820663
60936 0.7800511508951408
60646 0.6123595505617977
60820 0.8031189083820663
60941 0.7800511508951408
60693 0.6123595505617977
60856 0.8031189083820663
60667 0.6123595505617977
60920 0.7800511508951408
60843 0.8031189083820663
60681 0.6123595505617977
60942 0.7800511508951408
60835 0.8031189083820663
60669 0.6123595505617977
60933 0.7800511508951408
60805 0.8031189083820663
60670 0.6123595505617977
60940 0.7800511508951408
60836 0.8031189083820663
60667 0.6123595505617977
60819 0.8031189083820663
60927 0.7800511508951408
60673 0.6123595505617977
60810 0.8031189083820663
60945 0.7800511508951408
60837 0.8031189083820663
60672 0.6123595505617977
60929 0.7800511508951408
60807 0.8031189083820663
60674 0.6123595505617977
60930 0.7800511508951408
60820 0.8031189083820663
60712 0.6123595505617977
60833 0.8031189083820663
60942 0.7800511508951408
60680 0.6123595505617977
60814 0.8031189083820663
60903 0.7800511508951408
60680 0.6123595505617977
60814 0.8031189083820663
60934 0.7800511508951408
60685 0.6123595505617977
60810 0.8031189083820663
60925 0.7800511508951408
60806 0.8031189083820663
60650 0.6123595505617977
60921 0.7800511508951408
60819 0.8031189083820663
60671 0.6123595505617977
60934 0.7800511508951408
60699 0.6123595505617977
60935 0.7800511508951408
60688 0.6123595505617977
60932 0.7800511508951408
60699 0.6123595505617977
60922 0.7800511508951408
60674 0.6123595505617977
60933 0.7800511508951408
60669 0.6123595505617977
60912 0.7800511508951408
60657 0.6123595505617977
60927 0.7800511508951408
60677 0.6123595505617977
60947 0.7800511508951408
60666 0.6123595505617977
60940 0.7800511508951408
60671 0.6123595505617977
60934 0.7800511508951408
60934 0.7800511508951408
